# z  EEC
1.220165e-06  2.860036e+01
1.391260e-06  2.853558e+01
1.586345e-06  2.861842e+01
1.808790e-06  2.836690e+01
2.062425e-06  2.861303e+01
2.351620e-06  2.851048e+01
2.681370e-06  2.849494e+01
3.057360e-06  2.847880e+01
3.486070e-06  2.853153e+01
3.974895e-06  2.843194e+01
4.532265e-06  2.853780e+01
5.167795e-06  2.841798e+01
5.892440e-06  2.841288e+01
6.718695e-06  2.848952e+01
7.660810e-06  2.853960e+01
8.735025e-06  2.846234e+01
9.959860e-06  2.850854e+01
1.135645e-05  2.856755e+01
1.294890e-05  2.851030e+01
1.476465e-05  2.847166e+01
1.683500e-05  2.845408e+01
1.919565e-05  2.846546e+01
2.188730e-05  2.849618e+01
2.495640e-05  2.849416e+01
2.845585e-05  2.849699e+01
3.244600e-05  2.849678e+01
3.699565e-05  2.854725e+01
4.218330e-05  2.861144e+01
4.809840e-05  2.858805e+01
5.484285e-05  2.853906e+01
6.253305e-05  2.844481e+01
7.130160e-05  2.828540e+01
8.129970e-05  2.812243e+01
9.269980e-05  2.793769e+01
1.056987e-04  2.783826e+01
1.205200e-04  2.786349e+01
1.374195e-04  2.789738e+01
1.566890e-04  2.783695e+01
1.786600e-04  2.769123e+01
2.037120e-04  2.741980e+01
2.322775e-04  2.705810e+01
2.648480e-04  2.663256e+01
3.019855e-04  2.612672e+01
3.443305e-04  2.555588e+01
3.926135e-04  2.494851e+01
4.476670e-04  2.426316e+01
5.104400e-04  2.350326e+01
5.820155e-04  2.267583e+01
6.636275e-04  2.178164e+01
7.566830e-04  2.079858e+01
8.627870e-04  1.976759e+01
9.837675e-04  1.869922e+01
1.121715e-03  1.758516e+01
1.279005e-03  1.645755e+01
1.458350e-03  1.531292e+01
1.662845e-03  1.417685e+01
1.896015e-03  1.305332e+01
2.161880e-03  1.195659e+01
2.465025e-03  1.088675e+01
2.810680e-03  9.859466e+00
3.204800e-03  8.877126e+00
3.654185e-03  7.944289e+00
4.166585e-03  7.075533e+00
4.750835e-03  6.267077e+00
5.417010e-03  5.528364e+00
6.176595e-03  4.857973e+00
7.042695e-03  4.253503e+00
8.030240e-03  3.712507e+00
9.156260e-03  3.231743e+00
1.044018e-02  2.804575e+00
1.190415e-02  2.428097e+00
1.357340e-02  2.095683e+00
1.547665e-02  1.803671e+00
1.764680e-02  1.547894e+00
2.012130e-02  1.324740e+00
2.294280e-02  1.131208e+00
2.615990e-02  9.645517e-01
2.982810e-02  8.220453e-01
3.401070e-02  7.009813e-01
3.877975e-02  5.984864e-01
4.421755e-02  5.118861e-01
5.041785e-02  4.389268e-01
5.748755e-02  3.772714e-01
6.554865e-02  3.252263e-01
7.474010e-02  2.811099e-01
8.522035e-02  2.436615e-01
9.717040e-02  2.118395e-01
1.107960e-01  1.847317e-01
1.263320e-01  1.616604e-01
1.440465e-01  1.420127e-01
1.642450e-01  1.252450e-01
1.872760e-01  1.110091e-01
2.135360e-01  9.895584e-02
2.434785e-01  8.878378e-02
2.776200e-01  8.029280e-02
3.165485e-01  7.334193e-02
3.609360e-01  6.780468e-02
4.115475e-01  6.366259e-02
4.692555e-01  6.100086e-02
5.307445e-01  6.850157e-02
5.884530e-01  7.972128e-02
6.390645e-01  8.414887e-02
6.834515e-01  9.099963e-02
7.223800e-01  1.002202e-01
7.565215e-01  1.118826e-01
7.864640e-01  1.262834e-01
8.127240e-01  1.437151e-01
8.357550e-01  1.646733e-01
8.559535e-01  1.897023e-01
8.736680e-01  2.194818e-01
8.892040e-01  2.548507e-01
9.028295e-01  2.966446e-01
9.147795e-01  3.459503e-01
9.252600e-01  4.040720e-01
9.344515e-01  4.723251e-01
9.425125e-01  5.523795e-01
9.495820e-01  6.460281e-01
9.557825e-01  7.552770e-01
9.612205e-01  8.826762e-01
9.659895e-01  1.030407e+00
9.701720e-01  1.201586e+00
9.738400e-01  1.399003e+00
9.770570e-01  1.625903e+00
9.798785e-01  1.885920e+00
9.823530e-01  2.181887e+00
9.845230e-01  2.517408e+00
9.864265e-01  2.896550e+00
9.880960e-01  3.321597e+00
9.895600e-01  3.796176e+00
9.908440e-01  4.321602e+00
9.919700e-01  4.900120e+00
9.929575e-01  5.534199e+00
9.938235e-01  6.222982e+00
9.945830e-01  6.968142e+00
9.952490e-01  7.768571e+00
9.958330e-01  8.620529e+00
9.963455e-01  9.525994e+00
9.967950e-01  1.047368e+01
9.971895e-01  1.147176e+01
9.975350e-01  1.249879e+01
9.978380e-01  1.356208e+01
9.981040e-01  1.465448e+01
9.983370e-01  1.574726e+01
9.985415e-01  1.686505e+01
9.987210e-01  1.798039e+01
9.988785e-01  1.908629e+01
9.990165e-01  2.018085e+01
9.991375e-01  2.125969e+01
9.992435e-01  2.226402e+01
9.993365e-01  2.328235e+01
9.994180e-01  2.428603e+01
9.994895e-01  2.514177e+01
9.995525e-01  2.601090e+01
9.996075e-01  2.688283e+01
9.996555e-01  2.757247e+01
9.996980e-01  2.825446e+01
9.997355e-01  2.895160e+01
9.997680e-01  2.957015e+01
9.997965e-01  3.001663e+01
9.998215e-01  3.059110e+01
9.998435e-01  3.090216e+01
9.998630e-01  3.153228e+01
9.998795e-01  3.175186e+01
9.998940e-01  3.224177e+01
9.999070e-01  3.212732e+01
9.999185e-01  3.298657e+01
9.999285e-01  3.250300e+01
9.999375e-01  3.328552e+01
9.999455e-01  3.327601e+01
9.999520e-01  3.350284e+01
9.999580e-01  3.376672e+01
9.999630e-01  3.393055e+01
9.999675e-01  3.308255e+01
9.999715e-01  3.457005e+01
9.999750e-01  3.351821e+01
9.999785e-01  3.525738e+01
9.999810e-01  3.232117e+01
9.999830e-01  3.549773e+01
9.999850e-01  3.482290e+01
9.999870e-01  3.369341e+01
9.999885e-01  3.419989e+01
9.999900e-01  3.477489e+01
9.999915e-01  3.581274e+01
9.999925e-01  3.321187e+01
9.999935e-01  3.370285e+01
9.999945e-01  3.401825e+01
9.999950e-01  3.440577e+01
9.999955e-01  3.523896e+01
9.999960e-01  3.628368e+01
9.999965e-01  3.781375e+01
9.999970e-01  3.019378e+01
9.999970e-01  3.034450e+01
9.999975e-01  4.061659e+01
9.999980e-01  3.025385e+01
9.999980e-01  4.568186e+01
9.999985e-01  3.050694e+01
9.999990e-01  3.012988e+01
